{
  "evaluation_metadata": {
    "evaluation_id": "random_forest_20250704_103530",
    "timestamp": "2025-07-04T10:35:41.944166",
    "test_size": 0.13892709766162312,
    "stratified_split": true,
    "target_class_focus": "safety_car",
    "evaluation_metrics": [
      "accuracy",
      "f1_macro",
      "f1_weighted",
      "precision",
      "recall"
    ]
  },
  "dataset_metadata": {
    "scope": "single_session_2023_Saudia_Arabian_Grand_Prix_R",
    "sessions_config": [
      {
        "year": 2023,
        "race": "Saudia Arabian Grand Prix",
        "session_type": "R"
      }
    ],
    "drivers": [
      "1"
    ],
    "include_weather": false,
    "window_size": 50,
    "prediction_horizon": 100,
    "handle_non_numeric": "encode",
    "handle_missing": true,
    "missing_strategy": "forward_fill",
    "normalize": true,
    "normalization_method": "standard",
    "target_column": "TrackStatus",
    "total_samples": 2684,
    "n_features": 50,
    "n_timesteps": 9,
    "feature_names": [
      "Speed",
      "RPM",
      "nGear",
      "Throttle",
      "Brake",
      "X",
      "Y",
      "Distance",
      "DifferentialDistance"
    ],
    "class_distribution": {
      "green": 2540,
      "safety_car": 132,
      "yellow": 12
    },
    "features_used": "multivariate_all_9_features",
    "is_multivariate": true,
    "preprocessing_steps": [
      "missing_values_handled_forward_fill",
      "normalized_standard"
    ]
  },
  "model_metadata": {
    "model_type": "random_forest",
    "base_estimator": "RandomForestClassifier",
    "wrapper": "Catch22Classifier",
    "hyperparameters": {
      "bootstrap": true,
      "ccp_alpha": 0.0,
      "class_weight": null,
      "criterion": "gini",
      "max_depth": 10,
      "max_features": "sqrt",
      "max_leaf_nodes": null,
      "max_samples": null,
      "min_impurity_decrease": 0.0,
      "min_samples_leaf": 1,
      "min_samples_split": 2,
      "min_weight_fraction_leaf": 0.0,
      "monotonic_cst": null,
      "n_estimators": 100,
      "n_jobs": null,
      "oob_score": false,
      "random_state": 42,
      "verbose": 0,
      "warm_start": false
    },
    "class_weights": {
      "0": 1.0,
      "1": 10.0,
      "2": 50.0,
      "3": 1.0,
      "4": 20.0,
      "5": 20.0,
      "6": 10.0
    },
    "custom_weights_applied": true,
    "random_state": 42,
    "cv_strategy": null
  },
  "metrics": {
    "overall": {
      "accuracy": 0.933993399339934,
      "f1_macro": 0.48293515358361777,
      "f1_weighted": 0.9658703071672357
    },
    "per_class": {
      "green": {
        "precision": 1.0,
        "recall": 0.933993399339934,
        "f1": 0.9658703071672355,
        "support": 303
      },
      "safety_car": {
        "precision": 0.0,
        "recall": 0.0,
        "f1": 0.0,
        "support": 0
      }
    },
    "target_class_metrics": {
      "true_positives": 0,
      "false_negatives": 0,
      "false_positives": 20,
      "true_negatives": 283,
      "precision": 0.0,
      "recall": 0.0,
      "f1": 0.0,
      "support": 0
    },
    "confusion_matrix": [
      [
        283,
        20
      ],
      [
        0,
        0
      ]
    ],
    "classification_report": {
      "green": {
        "precision": 1.0,
        "recall": 0.933993399339934,
        "f1-score": 0.9658703071672355,
        "support": 303.0
      },
      "safety_car": {
        "precision": 0.0,
        "recall": 0.0,
        "f1-score": 0.0,
        "support": 0.0
      },
      "accuracy": 0.933993399339934,
      "macro avg": {
        "precision": 0.5,
        "recall": 0.466996699669967,
        "f1-score": 0.48293515358361777,
        "support": 303.0
      },
      "weighted avg": {
        "precision": 1.0,
        "recall": 0.933993399339934,
        "f1-score": 0.9658703071672357,
        "support": 303.0
      }
    }
  },
  "predictions": {
    "y_true": [
      0,
      0,
      0,
      0,
      0,
      0,
      0,
      0,
      0,
      0,
      0,
      0,
      0,
      0,
      0,
      0,
      0,
      0,
      0,
      0,
      0,
      0,
      0,
      0,
      0,
      0,
      0,
      0,
      0,
      0,
      0,
      0,
      0,
      0,
      0,
      0,
      0,
      0,
      0,
      0,
      0,
      0,
      0,
      0,
      0,
      0,
      0,
      0,
      0,
      0,
      0,
      0,
      0,
      0,
      0,
      0,
      0,
      0,
      0,
      0,
      0,
      0,
      0,
      0,
      0,
      0,
      0,
      0,
      0,
      0,
      0,
      0,
      0,
      0,
      0,
      0,
      0,
      0,
      0,
      0,
      0,
      0,
      0,
      0,
      0,
      0,
      0,
      0,
      0,
      0,
      0,
      0,
      0,
      0,
      0,
      0,
      0,
      0,
      0,
      0,
      0,
      0,
      0,
      0,
      0,
      0,
      0,
      0,
      0,
      0,
      0,
      0,
      0,
      0,
      0,
      0,
      0,
      0,
      0,
      0,
      0,
      0,
      0,
      0,
      0,
      0,
      0,
      0,
      0,
      0,
      0,
      0,
      0,
      0,
      0,
      0,
      0,
      0,
      0,
      0,
      0,
      0,
      0,
      0,
      0,
      0,
      0,
      0,
      0,
      0,
      0,
      0,
      0,
      0,
      0,
      0,
      0,
      0,
      0,
      0,
      0,
      0,
      0,
      0,
      0,
      0,
      0,
      0,
      0,
      0,
      0,
      0,
      0,
      0,
      0,
      0,
      0,
      0,
      0,
      0,
      0,
      0,
      0,
      0,
      0,
      0,
      0,
      0,
      0,
      0,
      0,
      0,
      0,
      0,
      0,
      0,
      0,
      0,
      0,
      0,
      0,
      0,
      0,
      0,
      0,
      0,
      0,
      0,
      0,
      0,
      0,
      0,
      0,
      0,
      0,
      0,
      0,
      0,
      0,
      0,
      0,
      0,
      0,
      0,
      0,
      0,
      0,
      0,
      0,
      0,
      0,
      0,
      0,
      0,
      0,
      0,
      0,
      0,
      0,
      0,
      0,
      0,
      0,
      0,
      0,
      0,
      0,
      0,
      0,
      0,
      0,
      0,
      0,
      0,
      0,
      0,
      0,
      0,
      0,
      0,
      0,
      0,
      0,
      0,
      0,
      0,
      0,
      0,
      0,
      0,
      0,
      0,
      0,
      0,
      0,
      0,
      0,
      0,
      0,
      0,
      0,
      0,
      0,
      0,
      0,
      0,
      0,
      0,
      0,
      0,
      0,
      0,
      0,
      0,
      0,
      0,
      0,
      0,
      0,
      0,
      0,
      0,
      0
    ],
    "y_pred": [
      0,
      0,
      0,
      0,
      0,
      0,
      0,
      0,
      0,
      0,
      0,
      0,
      0,
      0,
      0,
      0,
      0,
      0,
      0,
      0,
      0,
      0,
      0,
      0,
      0,
      0,
      0,
      0,
      0,
      0,
      0,
      0,
      0,
      0,
      0,
      0,
      0,
      0,
      0,
      0,
      0,
      0,
      0,
      0,
      0,
      0,
      0,
      0,
      0,
      0,
      0,
      0,
      0,
      0,
      0,
      0,
      0,
      0,
      0,
      0,
      0,
      0,
      0,
      0,
      0,
      0,
      0,
      0,
      0,
      0,
      0,
      0,
      0,
      0,
      0,
      0,
      0,
      0,
      0,
      0,
      0,
      0,
      0,
      0,
      0,
      0,
      0,
      0,
      0,
      0,
      0,
      0,
      0,
      0,
      0,
      0,
      0,
      0,
      0,
      0,
      0,
      0,
      0,
      0,
      0,
      0,
      0,
      0,
      0,
      0,
      0,
      0,
      0,
      0,
      0,
      0,
      0,
      0,
      0,
      0,
      0,
      0,
      0,
      0,
      0,
      0,
      0,
      0,
      0,
      0,
      0,
      0,
      0,
      0,
      0,
      0,
      0,
      0,
      0,
      0,
      0,
      0,
      0,
      0,
      0,
      0,
      0,
      0,
      0,
      0,
      0,
      0,
      0,
      0,
      0,
      0,
      0,
      0,
      0,
      0,
      0,
      0,
      0,
      0,
      0,
      0,
      0,
      0,
      0,
      0,
      0,
      0,
      0,
      0,
      0,
      0,
      0,
      0,
      0,
      0,
      0,
      0,
      0,
      0,
      0,
      0,
      0,
      0,
      0,
      0,
      0,
      0,
      0,
      0,
      0,
      0,
      0,
      0,
      0,
      0,
      0,
      0,
      0,
      0,
      0,
      0,
      0,
      0,
      0,
      0,
      0,
      0,
      0,
      0,
      0,
      0,
      0,
      0,
      0,
      0,
      0,
      0,
      0,
      0,
      0,
      0,
      0,
      0,
      0,
      0,
      0,
      0,
      0,
      0,
      0,
      0,
      0,
      0,
      0,
      0,
      0,
      0,
      0,
      2,
      2,
      2,
      0,
      0,
      0,
      2,
      2,
      2,
      2,
      2,
      2,
      2,
      2,
      2,
      0,
      2,
      0,
      0,
      0,
      0,
      2,
      2,
      0,
      0,
      0,
      0,
      0,
      0,
      0,
      2,
      0,
      0,
      2,
      2,
      0,
      0,
      0,
      0,
      2,
      2,
      0,
      0,
      0,
      0,
      0,
      0,
      0,
      0,
      0,
      0,
      0,
      0,
      0,
      0,
      0,
      0,
      0,
      0,
      0
    ],
    "y_pred_proba": [
      [
        0.8946501700723488,
        0.05256642401156162,
        0.05278340591608957
      ],
      [
        0.773,
        0.021,
        0.20600000000000002
      ],
      [
        0.873174603174603,
        0.08023809523809523,
        0.04658730158730158
      ],
      [
        0.9357385656004314,
        0.04037919184737528,
        0.023882242552193293
      ],
      [
        0.8998227785959745,
        0.04010579283259696,
        0.060071428571428574
      ],
      [
        0.853,
        0.051,
        0.096
      ],
      [
        0.8975,
        0.0625,
        0.04
      ],
      [
        0.9776530612244898,
        0.022142857142857145,
        0.0002040816326530612
      ],
      [
        0.8895238095238095,
        0.11023809523809523,
        0.0002380952380952381
      ],
      [
        0.8282989690721649,
        0.17170103092783506,
        0.0
      ],
      [
        0.9286387943169276,
        0.051144849575411995,
        0.020216356107660455
      ],
      [
        0.899067487684729,
        0.04051625615763546,
        0.06041625615763547
      ],
      [
        0.8702275678680051,
        0.08172919184737527,
        0.04804324028461959
      ],
      [
        0.7295238095238095,
        0.25023809523809526,
        0.020238095238095236
      ],
      [
        0.83,
        0.17,
        0.0
      ],
      [
        0.8492759805664178,
        0.1403791918473753,
        0.010344827586206896
      ],
      [
        0.9682002113365656,
        0.031262100249266435,
        0.0005376884141679642
      ],
      [
        0.828276679395775,
        0.15153464135894204,
        0.02018867924528302
      ],
      [
        0.9091062112085,
        0.07042959934213532,
        0.02046418944936465
      ],
      [
        0.9183074487656698,
        0.010188679245283019,
        0.07150387198904719
      ],
      [
        0.8988337517092363,
        0.06070205884139894,
        0.040464189449364654
      ],
      [
        0.9088160157209532,
        0.05103905674281503,
        0.04014492753623188
      ],
      [
        0.8886385684708666,
        0.10094099378881989,
        0.010420437740313516
      ],
      [
        0.9045882772482656,
        0.0802230435064514,
        0.01518867924528302
      ],
      [
        0.9182727348496624,
        0.05145175494625597,
        0.030275510204081632
      ],
      [
        0.8849656357388317,
        0.060034364261168385,
        0.055
      ],
      [
        0.9480573541937085,
        0.03133352882069501,
        0.020609116985596535
      ],
      [
        0.958782538771231,
        0.010275284358020685,
        0.030942176870748298
      ],
      [
        0.8687816514597847,
        0.061073421003983414,
        0.07014492753623189
      ],
      [
        0.8339855072463769,
        0.06086956521739131,
        0.10514492753623188
      ],
      [
        0.8652190749863163,
        0.041666256157635466,
        0.09311466885604816
      ],
      [
        0.9292490683513571,
        0.03035817077070675,
        0.04039276087793608
      ],
      [
        0.8790948874395119,
        0.08003436426116839,
        0.04087074829931972
      ],
      [
        0.9389979961593053,
        0.05058574768305919,
        0.010416256157635468
      ],
      [
        0.8898571428571429,
        0.030071428571428572,
        0.08007142857142856
      ],
      [
        0.829857142857143,
        0.060071428571428574,
        0.11007142857142856
      ],
      [
        0.9078911564625849,
        0.06190476190476191,
        0.03020408163265306
      ],
      [
        0.8595238095238095,
        0.11023809523809523,
        0.030238095238095238
      ],
      [
        0.8396532870705508,
        0.11027528435802068,
        0.05007142857142857
      ],
      [
        0.8488075199688291,
        0.07262543022274173,
        0.07856704980842912
      ],
      [
        0.758664662825972,
        0.1305143191116306,
        0.11082101806239737
      ],
      [
        0.8495226415094339,
        0.130288679245283,
        0.02018867924528302
      ],
      [
        0.73,
        0.26,
        0.01
      ],
      [
        0.8393809523809523,
        0.1503095238095238,
        0.010309523809523808
      ],
      [
        0.9298656357388316,
        0.07013436426116838,
        0.0
      ],
      [
        0.9045234588680833,
        0.07027245949926363,
        0.025204081632653058
      ],
      [
        0.9092490683513571,
        0.07035817077070675,
        0.02039276087793608
      ],
      [
        0.9492490683513571,
        0.02035817077070675,
        0.03039276087793608
      ],
      [
        0.8793841956156124,
        0.0902230435064514,
        0.03039276087793608
      ],
      [
        0.8389855072463769,
        0.09086956521739131,
        0.07014492753623189
      ],
      [
        0.82,
        0.09,
        0.09
      ],
      [
        0.8796226415094339,
        0.07018867924528302,
        0.05018867924528302
      ],
      [
        0.9287255366600417,
        0.05085820718232282,
        0.020416256157635468
      ],
      [
        0.9192615541061785,
        0.06453436426116839,
        0.01620408163265306
      ],
      [
        0.938548037423522,
        0.05039253503187514,
        0.011059427544602747
      ],
      [
        0.9254262169321505,
        0.04254868337279901,
        0.03202509969505043
      ],
      [
        0.8453398252447627,
        0.08222159642535472,
        0.07243857832988268
      ],
      [
        0.8088426501035199,
        0.010940993788819875,
        0.18021635610766049
      ],
      [
        0.8733764268419232,
        0.040308380414312624,
        0.08631519274376416
      ],
      [
        0.8051231118717702,
        0.12080596633075352,
        0.0740709217974763
      ],
      [
        0.9191561119293078,
        0.08010579283259694,
        0.0007380952380952381
      ],
      [
        0.8521408533021625,
        0.04151431911163063,
        0.10634482758620688
      ],
      [
        0.7425238095238095,
        0.061,
        0.19647619047619044
      ],
      [
        0.8098267468499428,
        0.060173253150057275,
        0.13
      ],
      [
        0.8280952380952381,
        0.1019047619047619,
        0.07
      ],
      [
        0.9293809523809523,
        0.07030952380952381,
        0.0003095238095238095
      ],
      [
        0.8786387943169277,
        0.11114484957541199,
        0.010216356107660456
      ],
      [
        0.8946158058111804,
        0.09260078827272998,
        0.012783405916089573
      ],
      [
        0.8758341543513957,
        0.08152736726874657,
        0.04263847837985769
      ],
      [
        0.8923055829228242,
        0.0923495894909688,
        0.015344827586206897
      ],
      [
        0.7195238095238095,
        0.26023809523809527,
        0.020238095238095236
      ],
      [
        0.839857142857143,
        0.1300714285714286,
        0.030071428571428572
      ],
      [
        0.8186771268320644,
        0.18117794563170392,
        0.00014492753623188405
      ],
      [
        0.9575105561641518,
        0.021606927835473334,
        0.02088251600037486
      ],
      [
        0.9294187857228419,
        0.07039253503187513,
        0.00018867924528301886
      ],
      [
        0.8892490683513572,
        0.08035817077070675,
        0.03039276087793608
      ],
      [
        0.869418559876781,
        0.09018867924528301,
        0.04039276087793608
      ],
      [
        0.9210718469473317,
        0.0684639636033037,
        0.010464189449364652
      ],
      [
        0.8697571428571429,
        0.10017142857142856,
        0.030071428571428572
      ],
      [
        0.9191494427149389,
        0.04064647565240786,
        0.04020408163265306
      ],
      [
        0.8314882772482656,
        0.1583230435064514,
        0.010188679245283019
      ],
      [
        0.9015516833003416,
        0.052639299664086876,
        0.045809017035571546
      ],
      [
        0.9309329580584428,
        0.0626028524921926,
        0.006464189449364651
      ],
      [
        0.9082002113365657,
        0.07126210024926644,
        0.020537688414167966
      ],
      [
        0.9579060012987273,
        0.0408087911895106,
        0.0012852075117620243
      ],
      [
        0.8987199537372174,
        0.08648639546913178,
        0.014793650793650795
      ],
      [
        0.8665238095238095,
        0.05118253968253968,
        0.0822936507936508
      ],
      [
        0.892856489040994,
        0.030687572261687897,
        0.076455938697318
      ],
      [
        0.9127175289489459,
        0.060223043506451406,
        0.02705942754460275
      ],
      [
        0.8896186969633214,
        0.07010579283259695,
        0.04027551020408163
      ],
      [
        0.959167487684729,
        0.020416256157635468,
        0.020416256157635468
      ],
      [
        0.8391428571428571,
        0.030309523809523807,
        0.13054761904761902
      ],
      [
        0.9089329863370201,
        0.05053350683148992,
        0.040533506831489916
      ],
      [
        0.85,
        0.09,
        0.06
      ],
      [
        0.8371911021966011,
        0.15280889780339885,
        0.01
      ],
      [
        0.8188426501035199,
        0.1209409937888199,
        0.060216356107660456
      ],
      [
        0.8355093167701864,
        0.09205210489993097,
        0.07243857832988268
      ],
      [
        0.8748236298517409,
        0.07246439280359822,
        0.052711977344661
      ],
      [
        0.84,
        0.13,
        0.03
      ],
      [
        0.849857142857143,
        0.1300714285714286,
        0.02007142857142857
      ],
      [
        0.767500656243829,
        0.21235441621993922,
        0.020144927536231885
      ],
      [
        0.8584042929692187,
        0.10126210024926645,
        0.0403336067815149
      ],
      [
        0.8993841956156124,
        0.0802230435064514,
        0.02039276087793608
      ],
      [
        0.809795918367347,
        0.16,
        0.03020408163265306
      ],
      [
        0.916622641509434,
        0.07218867924528302,
        0.01118867924528302
      ],
      [
        0.8431260098928129,
        0.10395793112987285,
        0.052916058977314065
      ],
      [
        0.8048196615977726,
        0.1623969324861379,
        0.032783405916089574
      ],
      [
        0.9091490683513571,
        0.09045817077070675,
        0.0003927608779360801
      ],
      [
        0.9395882772482657,
        0.050223043506451404,
        0.010188679245283019
      ],
      [
        0.8882833597892933,
        0.07062011194422758,
        0.041096528266479
      ],
      [
        0.8747959183673469,
        0.11,
        0.015204081632653061
      ],
      [
        0.9294531499840103,
        0.03035817077070675,
        0.04018867924528302
      ],
      [
        0.8123103448275861,
        0.07134482758620689,
        0.11634482758620689
      ],
      [
        0.8880093167701864,
        0.047052104899930995,
        0.06493857832988267
      ],
      [
        0.8093809523809523,
        0.04007142857142857,
        0.15054761904761904
      ],
      [
        0.898515315730812,
        0.03016949152542373,
        0.07131519274376416
      ],
      [
        0.9120852265434475,
        0.05018867924528302,
        0.03772609421126941
      ],
      [
        0.9889979961593053,
        0.010585747683059197,
        0.000416256157635468
      ],
      [
        0.8998571428571429,
        0.060071428571428574,
        0.04007142857142857
      ],
      [
        0.7777619047619047,
        0.09123809523809523,
        0.131
      ],
      [
        0.9372757027339237,
        0.03233153638814017,
        0.03039276087793608
      ],
      [
        0.8795238095238095,
        0.10023809523809524,
        0.020238095238095236
      ],
      [
        0.8093809523809523,
        0.19030952380952382,
        0.0003095238095238095
      ],
      [
        0.8348196615977725,
        0.10239693248613788,
        0.06278340591608958
      ],
      [
        0.9646501700723488,
        0.02256642401156161,
        0.012783405916089573
      ],
      [
        0.8846541383263171,
        0.05263388432902194,
        0.062711977344661
      ],
      [
        0.8395238095238095,
        0.15023809523809523,
        0.010238095238095237
      ],
      [
        0.87,
        0.11,
        0.02
      ],
      [
        0.8472622103500075,
        0.14238878048110762,
        0.010349009168884947
      ],
      [
        0.8994187857228418,
        0.08039253503187513,
        0.02018867924528302
      ],
      [
        0.7984461709211986,
        0.1913651498335183,
        0.010188679245283019
      ],
      [
        0.8992490683513572,
        0.08035817077070675,
        0.02039276087793608
      ],
      [
        0.915137957240246,
        0.032358170770706754,
        0.052503871989047185
      ],
      [
        0.8982002113365657,
        0.07126210024926644,
        0.030537688414167964
      ],
      [
        0.7383797144137799,
        0.14325313582776603,
        0.11836714975845411
      ],
      [
        0.7763625850340137,
        0.18121111111111113,
        0.04242630385487528
      ],
      [
        0.8344882772482656,
        0.1303230435064514,
        0.035188679245283024
      ],
      [
        0.8953821917749178,
        0.09280879118951059,
        0.011809017035571547
      ],
      [
        0.8908986220758518,
        0.0825678710926583,
        0.026533506831489917
      ],
      [
        0.8892147040901888,
        0.010392535031875132,
        0.10039276087793608
      ],
      [
        0.8564894452626411,
        0.030105792832596956,
        0.11340476190476192
      ],
      [
        0.8855302985648035,
        0.06183122305533868,
        0.05263847837985769
      ],
      [
        0.839167487684729,
        0.040416256157635465,
        0.12041625615763546
      ],
      [
        0.8793505563737523,
        0.04017325315005728,
        0.08047619047619048
      ],
      [
        0.9218841956156125,
        0.035223043506451404,
        0.04289276087793608
      ],
      [
        0.8926302985648037,
        0.07262011194422759,
        0.034749589490968805
      ],
      [
        0.8021408533021624,
        0.02151431911163063,
        0.17634482758620693
      ],
      [
        0.7452619047619047,
        0.021238095238095236,
        0.2335
      ],
      [
        0.939795918367347,
        0.03,
        0.03020408163265306
      ],
      [
        0.91,
        0.07,
        0.02
      ],
      [
        0.8295238095238094,
        0.17023809523809524,
        0.0002380952380952381
      ],
      [
        0.8079483181264513,
        0.1271845321150945,
        0.0648671497584541
      ],
      [
        0.8299625187406298,
        0.04232550391470931,
        0.127711977344661
      ],
      [
        0.8897892655905725,
        0.022498757064766582,
        0.08771197734466099
      ],
      [
        0.809622641509434,
        0.150188679245283,
        0.04018867924528302
      ],
      [
        0.84,
        0.14,
        0.02
      ],
      [
        0.7695838897070857,
        0.20034468172148587,
        0.030071428571428572
      ],
      [
        0.9487385136139982,
        0.040392535031875135,
        0.010868951354126556
      ],
      [
        0.9455746718060887,
        0.030223043506451407,
        0.024202284687459896
      ],
      [
        0.8696226652172896,
        0.10017325315005728,
        0.03020408163265306
      ],
      [
        0.9289766088520934,
        0.04063063026997037,
        0.03039276087793608
      ],
      [
        0.8587939145266523,
        0.0905857476830592,
        0.050620337790288523
      ],
      [
        0.928673158578096,
        0.05111048531424361,
        0.020216356107660455
      ],
      [
        0.9484040671231578,
        0.04105824446267433,
        0.010537688414167965
      ],
      [
        0.8797615541061785,
        0.09003436426116838,
        0.03020408163265306
      ],
      [
        0.8789367716695093,
        0.08051431911163062,
        0.04054890921885995
      ],
      [
        0.899453173691866,
        0.08034274467548101,
        0.02020408163265306
      ],
      [
        0.9553841956156126,
        0.04022304350645141,
        0.00439276087793608
      ],
      [
        0.9259290417909076,
        0.052450620418803856,
        0.021620337790288532
      ],
      [
        0.9478054609835942,
        0.0172559606865231,
        0.03493857832988268
      ],
      [
        0.8293809523809523,
        0.02007142857142857,
        0.15054761904761904
      ],
      [
        0.8218883316038279,
        0.05040758676351897,
        0.12770408163265304
      ],
      [
        0.8655578231292518,
        0.060238095238095236,
        0.07420408163265306
      ],
      [
        0.9696532870705508,
        0.020275284358020684,
        0.010071428571428571
      ],
      [
        0.855,
        0.05,
        0.095
      ],
      [
        0.7998571428571429,
        0.07007142857142858,
        0.1300714285714286
      ],
      [
        0.9089625850340135,
        0.056111111111111105,
        0.03492630385487528
      ],
      [
        0.8595238095238095,
        0.10023809523809524,
        0.04023809523809524
      ],
      [
        0.8743809523809523,
        0.09530952380952382,
        0.030309523809523807
      ],
      [
        0.7428305084745762,
        0.17116949152542374,
        0.086
      ],
      [
        0.8488075199688291,
        0.08262543022274173,
        0.06856704980842912
      ],
      [
        0.9031263605485392,
        0.046383884329021935,
        0.05048975512243878
      ],
      [
        0.8180952380952381,
        0.16166666666666668,
        0.020238095238095236
      ],
      [
        0.81,
        0.19,
        0.0
      ],
      [
        0.7585370643102601,
        0.2314629356897398,
        0.01
      ],
      [
        0.938234575597734,
        0.041227735988098056,
        0.020537688414167966
      ],
      [
        0.889418559876781,
        0.07018867924528302,
        0.04039276087793608
      ],
      [
        0.8563841956156125,
        0.12222304350645138,
        0.021392760877936085
      ],
      [
        0.856622641509434,
        0.132188679245283,
        0.01118867924528302
      ],
      [
        0.8792413384727554,
        0.09029447207787995,
        0.030464189449364652
      ],
      [
        0.919587651331719,
        0.0403409200968523,
        0.04007142857142857
      ],
      [
        0.8751967393854092,
        0.09655593869731799,
        0.02824732191727266
      ],
      [
        0.8594882772482656,
        0.1003230435064514,
        0.04018867924528302
      ],
      [
        0.833112086772075,
        0.15229447207787997,
        0.014593441150044923
      ],
      [
        0.9094151918324554,
        0.08051337959611592,
        0.010071428571428571
      ],
      [
        0.9538766088520935,
        0.023230630269970368,
        0.02289276087793608
      ],
      [
        0.9043841956156125,
        0.07272304350645141,
        0.02289276087793608
      ],
      [
        0.9153329826776071,
        0.0634629356897398,
        0.02120408163265306
      ],
      [
        0.9546501700723488,
        0.02256642401156161,
        0.022783405916089575
      ],
      [
        0.7645238095238095,
        0.11,
        0.12547619047619046
      ],
      [
        0.9534564452051035,
        0.03080596633075354,
        0.015737588464142978
      ],
      [
        0.8464282207728452,
        0.08003436426116839,
        0.0735374149659864
      ],
      [
        0.8927961442134078,
        0.021203855786592115,
        0.086
      ],
      [
        0.9198571428571429,
        0.030071428571428572,
        0.05007142857142857
      ],
      [
        0.8417150784537707,
        0.08558083991357623,
        0.07270408163265306
      ],
      [
        0.8772757027339237,
        0.07233153638814016,
        0.05039276087793608
      ],
      [
        0.87,
        0.12,
        0.01
      ],
      [
        0.8684768164823155,
        0.13145175494625597,
        7.142857142857142e-05
      ],
      [
        0.9478054609835942,
        0.0372559606865231,
        0.014938578329882678
      ],
      [
        0.8757341543513957,
        0.03162736726874658,
        0.09263847837985768
      ],
      [
        0.8869320097647474,
        0.057519081016392526,
        0.05554890921885995
      ],
      [
        0.7695238095238095,
        0.20023809523809524,
        0.030238095238095238
      ],
      [
        0.81,
        0.18,
        0.01
      ],
      [
        0.8084386809382429,
        0.1812123098928723,
        0.010349009168884947
      ],
      [
        0.9192147040901888,
        0.06039253503187513,
        0.02039276087793608
      ],
      [
        0.9358813707568554,
        0.030392535031875133,
        0.03372609421126941
      ],
      [
        0.8845487624428303,
        0.06037980898574119,
        0.05507142857142857
      ],
      [
        0.9081645916228126,
        0.08026010781671157,
        0.011575300560475763
      ],
      [
        0.912592413236481,
        0.04140758676351897,
        0.046
      ],
      [
        0.8611468253968253,
        0.062376984126984135,
        0.07647619047619048
      ],
      [
        0.9839766088520936,
        0.0006306302699703706,
        0.01539276087793608
      ],
      [
        0.9195882772482656,
        0.0802230435064514,
        0.00018867924528301886
      ],
      [
        0.9096876513317191,
        0.0902409200968523,
        7.142857142857142e-05
      ],
      [
        0.9497615541061787,
        0.05003436426116838,
        0.0002040816326530612
      ],
      [
        0.9092841956156125,
        0.08032304350645139,
        0.01039276087793608
      ],
      [
        0.9257460317460319,
        0.02207142857142857,
        0.05218253968253968
      ],
      [
        0.9546501700723488,
        0.04256642401156162,
        0.002783405916089574
      ],
      [
        0.7998571428571429,
        0.030071428571428572,
        0.1700714285714286
      ],
      [
        0.9187939145266523,
        0.010585747683059197,
        0.07062033779028852
      ],
      [
        0.933094887439512,
        0.031145475372279498,
        0.03575963718820862
      ],
      [
        0.8652961442134078,
        0.07620385578659211,
        0.058499999999999996
      ],
      [
        0.8029999999999999,
        0.061,
        0.136
      ],
      [
        0.849857142857143,
        0.05007142857142857,
        0.10007142857142856
      ],
      [
        0.9188681679568379,
        0.05058292282430213,
        0.030548909218859954
      ],
      [
        0.8745238095238095,
        0.07023809523809524,
        0.05523809523809524
      ],
      [
        0.8393809523809523,
        0.1503095238095238,
        0.010309523809523808
      ],
      [
        0.8986387943169276,
        0.08114484957541199,
        0.020216356107660455
      ],
      [
        0.8539355337023369,
        0.12760078827273,
        0.01846367802493311
      ],
      [
        0.8364616977225674,
        0.11284575569358178,
        0.05069254658385093
      ],
      [
        0.769167487684729,
        0.2104162561576355,
        0.020416256157635468
      ],
      [
        0.7898571428571429,
        0.2000714285714286,
        0.010071428571428571
      ],
      [
        0.622,
        0.368,
        0.01
      ],
      [
        0.61,
        0.39,
        0.0
      ],
      [
        0.45012500000000005,
        0.549875,
        0.0
      ],
      [
        0.41679166666666667,
        0.5832083333333333,
        0.0
      ],
      [
        0.47011547619047617,
        0.5298130952380952,
        7.142857142857142e-05
      ],
      [
        0.5998571428571429,
        0.4000714285714285,
        7.142857142857142e-05
      ],
      [
        0.5001333333333333,
        0.4898666666666667,
        0.01
      ],
      [
        0.5,
        0.5,
        0.0
      ],
      [
        0.46,
        0.54,
        0.0
      ],
      [
        0.4371333333333334,
        0.5528666666666666,
        0.01
      ],
      [
        0.360925,
        0.639075,
        0.0
      ],
      [
        0.395,
        0.585,
        0.02
      ],
      [
        0.43066666666666664,
        0.5593333333333333,
        0.01
      ],
      [
        0.4802583333333334,
        0.5197416666666667,
        0.0
      ],
      [
        0.37666666666666665,
        0.6233333333333334,
        0.0
      ],
      [
        0.3902583333333334,
        0.6097416666666666,
        0.0
      ],
      [
        0.4207916666666667,
        0.5792083333333333,
        0.0
      ],
      [
        0.5,
        0.49,
        0.01
      ],
      [
        0.485,
        0.515,
        0.0
      ],
      [
        0.55,
        0.42,
        0.03
      ],
      [
        0.5733333333333334,
        0.42666666666666664,
        0.0
      ],
      [
        0.5202583333333334,
        0.4697416666666666,
        0.01
      ],
      [
        0.49,
        0.48,
        0.03
      ],
      [
        0.4697571428571429,
        0.5201714285714286,
        0.010071428571428571
      ],
      [
        0.44,
        0.53,
        0.03
      ],
      [
        0.5434583333333334,
        0.4565416666666666,
        0.0
      ],
      [
        0.6356521739130434,
        0.34086956521739126,
        0.023478260869565216
      ],
      [
        0.7,
        0.26,
        0.04
      ],
      [
        0.62,
        0.36,
        0.02
      ],
      [
        0.57,
        0.4,
        0.03
      ],
      [
        0.5998571428571429,
        0.36007142857142854,
        0.04007142857142857
      ],
      [
        0.6241674876847291,
        0.3654162561576355,
        0.010416256157635468
      ],
      [
        0.42105000000000004,
        0.5589499999999998,
        0.02
      ],
      [
        0.49359166666666676,
        0.4864083333333333,
        0.02
      ],
      [
        0.5206666666666667,
        0.4693333333333334,
        0.01
      ],
      [
        0.43013333333333337,
        0.5498666666666666,
        0.02
      ],
      [
        0.41013333333333335,
        0.5898666666666667,
        0.0
      ],
      [
        0.6698571428571429,
        0.2800714285714286,
        0.05007142857142857
      ],
      [
        0.6456666666666666,
        0.29933333333333334,
        0.055
      ],
      [
        0.6790674876847291,
        0.32051625615763546,
        0.000416256157635468
      ],
      [
        0.719167487684729,
        0.2604162561576355,
        0.020416256157635468
      ],
      [
        0.48200000000000004,
        0.498,
        0.02
      ],
      [
        0.47179166666666666,
        0.5282083333333333,
        0.0
      ],
      [
        0.5267916666666667,
        0.47320833333333334,
        0.0
      ],
      [
        0.7598571428571429,
        0.2000714285714286,
        0.04007142857142857
      ],
      [
        0.7598571428571429,
        0.2400714285714286,
        7.142857142857142e-05
      ],
      [
        0.849857142857143,
        0.14007142857142857,
        0.010071428571428571
      ],
      [
        0.839857142857143,
        0.1600714285714286,
        7.142857142857142e-05
      ],
      [
        0.839857142857143,
        0.1600714285714286,
        7.142857142857142e-05
      ],
      [
        0.7698571428571429,
        0.1800714285714286,
        0.05007142857142857
      ],
      [
        0.7998571428571429,
        0.1700714285714286,
        0.030071428571428572
      ],
      [
        0.7798571428571429,
        0.1700714285714286,
        0.05007142857142857
      ],
      [
        0.91,
        0.07,
        0.02
      ],
      [
        0.91,
        0.07,
        0.02
      ],
      [
        0.91,
        0.07,
        0.02
      ],
      [
        0.91,
        0.07,
        0.02
      ],
      [
        0.91,
        0.07,
        0.02
      ],
      [
        0.91,
        0.07,
        0.02
      ],
      [
        0.91,
        0.07,
        0.02
      ],
      [
        0.91,
        0.07,
        0.02
      ],
      [
        0.91,
        0.07,
        0.02
      ],
      [
        0.91,
        0.07,
        0.02
      ]
    ]
  },
  "class_info": {
    "class_names": [
      "green",
      "red",
      "safety_car",
      "unknown",
      "vsc",
      "vsc_ending",
      "yellow"
    ],
    "target_class": "safety_car",
    "target_class_index": 2
  }
}